0.000 56.88048e9
0.001 56.88096e9
0.002 56.88096e9
0.003 56.88120e9
0.004 56.88144e9
0.005 56.88144e9
0.006 56.88192e9
0.007 56.88216e9
0.008 56.88216e9
0.009 56.88240e9
0.010 56.88264e9
0.011 56.88288e9
0.012 56.88312e9
0.013 56.88336e9
0.014 56.88360e9
0.015 56.88384e9
0.016 56.88384e9
0.017 56.88408e9
0.018 56.88432e9
0.019 56.88456e9
0.020 56.88480e9
0.021 56.88480e9
0.022 56.88528e9
0.023 56.88528e9
0.024 56.88552e9
0.025 56.88600e9
0.026 56.88600e9
0.027 56.88624e9
0.028 56.88648e9
0.029 56.88672e9
0.030 56.88672e9
0.031 56.88720e9
0.032 56.88720e9
0.033 56.88744e9
0.034 56.88768e9
0.035 56.88792e9
0.036 56.88816e9
0.037 56.88840e9
0.038 56.88864e9
0.039 56.88888e9
0.040 56.88912e9
0.041 56.88912e9
0.042 56.88936e9
0.043 56.88960e9
0.044 56.89008e9
0.045 56.89008e9
0.046 56.89032e9
0.047 56.89080e9
0.048 56.89080e9
0.049 56.89104e9
0.050 56.89128e9
0.051 56.89128e9
0.052 56.89176e9
0.053 56.89176e9
0.054 56.89224e9
0.055 56.89248e9
0.056 56.89272e9
0.057 56.89296e9
0.058 56.89320e9
0.059 56.89344e9
0.060 56.89368e9
0.061 56.89392e9
0.062 56.89392e9
0.063 56.89416e9
0.064 56.89464e9
0.065 56.89488e9
0.066 56.89512e9
0.067 56.89536e9
0.068 56.89536e9
0.069 56.89584e9
0.070 56.89608e9
0.071 56.89608e9
0.072 56.89656e9
0.073 56.89656e9
0.074 56.89704e9
0.075 56.89728e9
0.076 56.89728e9
0.077 56.89776e9
0.078 56.89776e9
0.079 56.89776e9
0.080 56.89824e9
0.081 56.89848e9
0.082 56.89872e9
0.083 56.89896e9
0.084 56.89920e9
0.085 56.89944e9
0.086 56.89968e9
0.087 56.89968e9
0.088 56.90016e9
0.089 56.90040e9
0.090 56.90064e9
0.091 56.90088e9
0.092 56.90112e9
0.093 56.90136e9
0.094 56.90160e9
0.095 56.90184e9
0.096 56.90232e9
0.097 56.90232e9
0.098 56.90256e9
0.099 56.90304e9
0.100 56.90304e9
0.101 56.90328e9
0.102 56.90376e9
0.103 56.90376e9
0.104 56.90400e9
0.105 56.90448e9
0.106 56.90448e9
0.107 56.90496e9
0.108 56.90520e9
0.109 56.90520e9
0.110 56.90568e9
0.111 56.90544e9
0.112 56.90592e9
0.113 56.90640e9
0.114 56.90616e9
0.115 56.90664e9
0.116 56.90712e9
0.117 56.90712e9
0.118 56.90760e9
0.119 56.90760e9
0.120 56.90784e9
0.121 56.90832e9
0.122 56.90832e9
0.123 56.90856e9
0.124 56.90904e9
0.125 56.90904e9
0.126 56.90928e9
0.127 56.90976e9
0.128 56.90952e9
0.129 56.91024e9
0.130 56.91024e9
0.131 56.91048e9
0.132 56.91096e9
0.133 56.91120e9
0.134 56.91120e9
0.135 56.91168e9
0.136 56.91168e9
0.137 56.91216e9
0.138 56.91240e9
0.139 56.91264e9
0.140 56.91312e9
0.141 56.91312e9
0.142 56.91336e9
0.143 56.91384e9
0.144 56.91408e9
0.145 56.91408e9
0.146 56.91456e9
0.147 56.91480e9
0.148 56.91504e9
0.149 56.91528e9
0.150 56.91552e9
0.151 56.91600e9
0.152 56.91600e9
0.153 56.91624e9
0.154 56.91672e9
0.155 56.91696e9
0.156 56.91696e9
0.157 56.91744e9
0.158 56.91744e9
0.159 56.91792e9
0.160 56.91816e9
0.161 56.91840e9
0.162 56.91864e9
0.163 56.91912e9
0.164 56.91936e9
0.165 56.91960e9
0.166 56.91984e9
0.167 56.92008e9
0.168 56.92032e9
0.169 56.92056e9
0.170 56.92104e9
0.171 56.92128e9
0.172 56.92152e9
0.173 56.92176e9
0.174 56.92200e9
0.175 56.92224e9
0.176 56.92248e9
0.177 56.92272e9
0.178 56.92296e9
0.179 56.92344e9
0.180 56.92368e9
0.181 56.92416e9
0.182 56.92416e9
0.183 56.92416e9
0.184 56.92488e9
0.185 56.92488e9
0.186 56.92536e9
0.187 56.92560e9
0.188 56.92584e9
0.189 56.92608e9
0.190 56.92656e9
0.191 56.92680e9
0.192 56.92728e9
0.193 56.92728e9
0.194 56.92752e9
0.195 56.92800e9
0.196 56.92824e9
0.197 56.92848e9
0.198 56.92896e9
0.199 56.92896e9
0.200 56.92944e9
0.201 56.92968e9
0.202 56.92992e9
0.203 56.93040e9
0.204 56.93064e9
0.205 56.93088e9
0.206 56.93112e9
0.207 56.93136e9
0.208 56.93160e9
0.209 56.93184e9
0.210 56.93232e9
0.211 56.93280e9
0.212 56.93304e9
0.213 56.93304e9
0.214 56.93352e9
0.215 56.93400e9
0.216 56.93400e9
0.217 56.93448e9
0.218 56.93472e9
0.219 56.93496e9
0.220 56.93520e9
0.221 56.93568e9
0.222 56.93592e9
0.223 56.93616e9
0.224 56.93640e9
0.225 56.93688e9
0.226 56.93688e9
0.227 56.93736e9
0.228 56.93760e9
0.229 56.93784e9
0.230 56.93808e9
0.231 56.93856e9
0.232 56.93856e9
0.233 56.93928e9
0.234 56.93952e9
0.235 56.93976e9
0.236 56.94000e9
0.237 56.94048e9
0.238 56.94048e9
0.239 56.94096e9
0.240 56.94120e9
0.241 56.94144e9
0.242 56.94192e9
0.243 56.94216e9
0.244 56.94240e9
0.245 56.94288e9
0.246 56.94312e9
0.247 56.94360e9
0.248 56.94384e9
0.249 56.94408e9
0.250 56.94432e9
0.251 56.94456e9
0.252 56.94480e9
0.253 56.94528e9
0.254 56.94552e9
0.255 56.94600e9
0.256 56.94624e9
0.257 56.94648e9
0.258 56.94696e9
0.259 56.94696e9
0.260 56.94720e9
0.261 56.94768e9
0.262 56.94792e9
0.263 56.94816e9
0.264 56.94864e9
0.265 56.94888e9
0.266 56.94936e9
0.267 56.94960e9
0.268 56.94984e9
0.269 56.95008e9
0.270 56.95032e9
0.271 56.95080e9
0.272 56.95128e9
0.273 56.95152e9
0.274 56.95200e9
0.275 56.95224e9
0.276 56.95224e9
0.277 56.95296e9
0.278 56.95320e9
0.279 56.95344e9
0.280 56.95392e9
0.281 56.95416e9
0.282 56.95440e9
0.283 56.95488e9
0.284 56.95512e9
0.285 56.95560e9
0.286 56.95584e9
0.287 56.95584e9
0.288 56.95656e9
0.289 56.95680e9
0.290 56.95704e9
0.291 56.95752e9
0.292 56.95776e9
0.293 56.95800e9
0.294 56.95848e9
0.295 56.95848e9
0.296 56.95920e9
0.297 56.95920e9
0.298 56.95968e9
0.299 56.96016e9
0.300 56.96040e9
0.301 56.96040e9
0.302 56.96112e9
0.303 56.96136e9
0.304 56.96160e9
0.305 56.96232e9
0.306 56.96256e9
0.307 56.96304e9
0.308 56.96304e9
0.309 56.96352e9
0.310 56.96400e9
0.311 56.96424e9
0.312 56.96472e9
0.313 56.96496e9
0.314 56.96544e9
0.315 56.96544e9
0.316 56.96616e9
0.317 56.96640e9
0.318 56.96688e9
0.319 56.96712e9
0.320 56.96736e9
0.321 56.96784e9
0.322 56.96808e9
0.323 56.96832e9
0.324 56.96880e9
0.325 56.96928e9
0.326 56.96952e9
0.327 56.97000e9
0.328 56.97024e9
0.329 56.97072e9
0.330 56.97096e9
0.331 56.97144e9
0.332 56.97192e9
0.333 56.97216e9
0.334 56.97216e9
0.335 56.97264e9
0.336 56.97312e9
0.337 56.97384e9
0.338 56.97408e9
0.339 56.97432e9
0.340 56.97480e9
0.341 56.97504e9
0.342 56.97552e9
0.343 56.97600e9
0.344 56.97624e9
0.345 56.97648e9
0.346 56.97696e9
0.347 56.97720e9
0.348 56.97768e9
0.349 56.97816e9
0.350 56.97840e9
0.351 56.97888e9
0.352 56.97936e9
0.353 56.97960e9
0.354 56.98008e9
0.355 56.98032e9
0.356 56.98056e9
0.357 56.98128e9
0.358 56.98152e9
0.359 56.98200e9
0.360 56.98224e9
0.361 56.98248e9
0.362 56.98320e9
0.363 56.98344e9
0.364 56.98368e9
0.365 56.98416e9
0.366 56.98464e9
0.367 56.98488e9
0.368 56.98536e9
0.369 56.98560e9
0.370 56.98632e9
0.371 56.98656e9
0.372 56.98680e9
0.373 56.98704e9
0.374 56.98776e9
0.375 56.98800e9
0.376 56.98848e9
0.377 56.98872e9
0.378 56.98920e9
0.379 56.98968e9
0.380 56.99016e9
0.381 56.99040e9
0.382 56.99088e9
0.383 56.99112e9
0.384 56.99184e9
0.385 56.99208e9
0.386 56.99232e9
0.387 56.99304e9
0.388 56.99328e9
0.389 56.99352e9
0.390 56.99424e9
0.391 56.99448e9
0.392 56.99496e9
0.393 56.99544e9
0.394 56.99568e9
0.395 56.99616e9
0.396 56.99664e9
0.397 56.99688e9
0.398 56.99736e9
0.399 56.99760e9
0.400 56.99832e9
0.401 56.99880e9
0.402 56.99904e9
0.403 56.99952e9
0.404 56.99952e9
0.405 57.00000e9
0.406 57.00072e9
0.407 57.00072e9
0.408 57.00144e9
0.409 57.00192e9
0.410 57.00216e9
0.411 57.00288e9
0.412 57.00312e9
0.413 57.00336e9
0.414 57.00408e9
0.415 57.00432e9
0.416 57.00456e9
0.417 57.00528e9
0.418 57.00552e9
0.419 57.00600e9
0.420 57.00648e9
0.421 57.00672e9
0.422 57.00744e9
0.423 57.00768e9
0.424 57.00792e9
0.425 57.00864e9
0.426 57.00864e9
0.427 57.00936e9
0.428 57.00984e9
0.429 57.01008e9
0.430 57.01032e9
0.431 57.01104e9
0.432 57.01152e9
0.433 57.01200e9
0.434 57.01224e9
0.435 57.01272e9
0.436 57.01344e9
0.437 57.01368e9
0.438 57.01392e9
0.439 57.01464e9
0.440 57.01488e9
0.441 57.01512e9
0.442 57.01584e9
0.443 57.01608e9
0.444 57.01680e9
0.445 57.01728e9
0.446 57.01752e9
0.447 57.01800e9
0.448 57.01848e9
0.449 57.01872e9
0.450 57.01944e9
0.451 57.01968e9
0.452 57.02016e9
0.453 57.02064e9
0.454 57.02112e9
0.455 57.02160e9
0.456 57.02184e9
0.457 57.02232e9
0.458 57.02280e9
0.459 57.02328e9
0.460 57.02352e9
0.461 57.02424e9
0.462 57.02448e9
0.463 57.02496e9
0.464 57.02568e9
0.465 57.02592e9
0.466 57.02664e9
0.467 57.02688e9
0.468 57.02736e9
0.469 57.02808e9
0.470 57.02832e9
0.471 57.02880e9
0.472 57.02928e9
0.473 57.02976e9
0.474 57.03048e9
0.475 57.03072e9
0.476 57.03096e9
0.477 57.03192e9
0.478 57.03216e9
0.479 57.03240e9
0.480 57.03312e9
0.481 57.03360e9
0.482 57.03384e9
0.483 57.03456e9
0.484 57.03480e9
0.485 57.03552e9
0.486 57.03600e9
0.487 57.03624e9
0.488 57.03696e9
0.489 57.03744e9
0.490 57.03768e9
0.491 57.03840e9
0.492 57.03864e9
0.493 57.03888e9
0.494 57.03984e9
0.495 57.04008e9
0.496 57.04080e9
0.497 57.04128e9
0.498 57.04152e9
0.499 57.04224e9
0.500 57.04272e9
0.501 57.04296e9
0.502 57.04368e9
0.503 57.04416e9
0.504 57.04440e9
0.505 57.04512e9
0.506 57.04536e9
0.507 57.04632e9
0.508 57.04656e9
0.509 57.04704e9
0.510 57.04776e9
0.511 57.04800e9
0.512 57.04848e9
0.513 57.04920e9
0.514 57.04944e9
0.515 57.04992e9
0.516 57.05064e9
0.517 57.05088e9
0.518 57.05160e9
0.519 57.05208e9
0.520 57.05256e9
0.521 57.05328e9
0.522 57.05352e9
0.523 57.05400e9
0.524 57.05472e9
0.525 57.05496e9
0.526 57.05544e9
0.527 57.05616e9
0.528 57.05640e9
0.529 57.05736e9
0.530 57.05784e9
0.531 57.05808e9
0.532 57.05880e9
0.533 57.05928e9
0.534 57.05952e9
0.535 57.06048e9
0.536 57.06072e9
0.537 57.06168e9
0.538 57.06192e9
0.539 57.06240e9
0.540 57.06312e9
0.541 57.06336e9
0.542 57.06384e9
0.543 57.06456e9
0.544 57.06504e9
0.545 57.06528e9
0.546 57.06624e9
0.547 57.06624e9
0.548 57.06720e9
0.549 57.06768e9
0.550 57.06816e9
0.551 57.06888e9
0.552 57.06936e9
0.553 57.06960e9
0.554 57.07032e9
0.555 57.07080e9
0.556 57.07128e9
0.557 57.07200e9
0.558 57.07248e9
0.559 57.07320e9
0.560 57.07368e9
0.561 57.07392e9
0.562 57.07488e9
0.563 57.07536e9
0.564 57.07560e9
0.565 57.07656e9
0.566 57.07680e9
0.567 57.07704e9
0.568 57.07800e9
0.569 57.07824e9
0.570 57.07944e9
0.571 57.07968e9
0.572 57.07992e9
0.573 57.08088e9
0.574 57.08112e9
0.575 57.08184e9
0.576 57.08256e9
0.577 57.08304e9
0.578 57.08352e9
0.579 57.08424e9
0.580 57.08472e9
0.581 57.08544e9
0.582 57.08592e9
0.583 57.08640e9
0.584 57.08712e9
0.585 57.08760e9
0.586 57.08808e9
0.587 57.08880e9
0.588 57.08928e9
0.589 57.08952e9
0.590 57.09048e9
0.591 57.09096e9
0.592 57.09192e9
0.593 57.09216e9
0.594 57.09264e9
0.595 57.09360e9
0.596 57.09384e9
0.597 57.09456e9
0.598 57.09528e9
0.599 57.09552e9
0.600 57.09672e9
0.601 57.09696e9
0.602 57.09744e9
0.603 57.09840e9
0.604 57.09864e9
0.605 57.09912e9
0.606 57.10008e9
0.607 57.10056e9
0.608 57.10080e9
0.609 57.10176e9
0.610 57.10224e9
0.611 57.10320e9
0.612 57.10368e9
0.613 57.10392e9
0.614 57.10488e9
0.615 57.10536e9
0.616 57.10584e9
0.617 57.10680e9
0.618 57.10704e9
0.619 57.10752e9
0.620 57.10848e9
0.621 57.10896e9
0.622 57.10992e9
0.623 57.11040e9
0.624 57.11064e9
0.625 57.11160e9
0.626 57.11208e9
0.627 57.11256e9
0.628 57.11352e9
0.629 57.11400e9
0.630 57.11448e9
0.631 57.11520e9
0.632 57.11568e9
0.633 57.11664e9
0.634 57.11712e9
0.635 57.11760e9
0.636 57.11856e9
0.637 57.11904e9
0.638 57.11952e9
0.639 57.12048e9
0.640 57.12072e9
0.641 57.12120e9
0.642 57.12192e9
0.643 57.12264e9
0.644 57.12360e9
0.645 57.12408e9
0.646 57.12456e9
0.647 57.12552e9
0.648 57.12600e9
0.649 57.12648e9
0.650 57.12744e9
0.651 57.12792e9
0.652 57.12840e9
0.653 57.12936e9
0.654 57.12984e9
0.655 57.13080e9
0.656 57.13128e9
0.657 57.13176e9
0.658 57.13272e9
0.659 57.13320e9
0.660 57.13344e9
0.661 57.13464e9
0.662 57.13488e9
0.663 57.13560e9
0.664 57.13656e9
0.665 57.13704e9
0.666 57.13800e9
0.667 57.13848e9
0.668 57.13896e9
0.669 57.13992e9
0.670 57.14040e9
0.671 57.14112e9
0.672 57.14208e9
0.673 57.14232e9
0.674 57.14352e9
0.675 57.14400e9
0.676 57.14448e9
0.677 57.14544e9
0.678 57.14592e9
0.679 57.14664e9
0.680 57.14760e9
0.681 57.14808e9
0.682 57.14856e9
0.683 57.14952e9
0.684 57.15000e9
0.685 57.15120e9
0.686 57.15168e9
0.687 57.15216e9
0.688 57.15312e9
0.689 57.15360e9
0.690 57.15432e9
0.691 57.15528e9
0.692 57.15576e9
0.693 57.15624e9
0.694 57.15720e9
0.695 57.15792e9
0.696 57.15888e9
0.697 57.15936e9
0.698 57.15984e9
0.699 57.16104e9
0.700 57.16152e9
0.701 57.16200e9
0.702 57.16296e9
0.703 57.16368e9
0.704 57.16416e9
0.705 57.16512e9
0.706 57.16584e9
0.707 57.16680e9
0.708 57.16728e9
0.709 57.16776e9
0.710 57.16896e9
0.711 57.16920e9
0.712 57.16992e9
0.713 57.17112e9
0.714 57.17160e9
0.715 57.17232e9
0.716 57.17328e9
0.717 57.17376e9
0.718 57.17496e9
0.719 57.17544e9
0.720 57.17592e9
0.721 57.17712e9
0.722 57.17736e9
0.723 57.17808e9
0.724 57.17928e9
0.725 57.17976e9
0.726 57.18048e9
0.727 57.18144e9
0.728 57.18216e9
0.729 57.18312e9
0.730 57.18384e9
0.731 57.18432e9
0.732 57.18552e9
0.733 57.18600e9
0.734 57.18648e9
0.735 57.18768e9
0.736 57.18816e9
0.737 57.18936e9
0.738 57.19008e9
0.739 57.19056e9
0.740 57.19176e9
0.741 57.19224e9
0.742 57.19272e9
0.743 57.19392e9
0.744 57.19440e9
0.745 57.19512e9
0.746 57.19632e9
0.747 57.19680e9
0.748 57.19800e9
0.749 57.19872e9
0.750 57.19920e9
0.751 57.20040e9
0.752 57.20112e9
0.753 57.20160e9
0.754 57.20280e9
0.755 57.20352e9
0.756 57.20376e9
0.757 57.20496e9
0.758 57.20592e9
0.759 57.20712e9
0.760 57.20736e9
0.761 57.20808e9
0.762 57.20928e9
0.763 57.21000e9
0.764 57.21048e9
0.765 57.21192e9
0.766 57.21240e9
0.767 57.21288e9
0.768 57.21408e9
0.769 57.21480e9
0.770 57.21600e9
0.771 57.21672e9
0.772 57.21720e9
0.773 57.21840e9
0.774 57.21912e9
0.775 57.21984e9
0.776 57.22080e9
0.777 57.22152e9
0.778 57.22224e9
0.779 57.22344e9
0.780 57.22416e9
0.781 57.22536e9
0.782 57.22608e9
0.783 57.22656e9
0.784 57.22776e9
0.785 57.22848e9
0.786 57.22920e9
0.787 57.23040e9
0.788 57.23112e9
0.789 57.23160e9
0.790 57.23304e9
0.791 57.23352e9
0.792 57.23496e9
0.793 57.23520e9
0.794 57.23616e9
0.795 57.23760e9
0.796 57.23808e9
0.797 57.23880e9
0.798 57.24000e9
0.799 57.24072e9
0.800 57.24192e9
0.801 57.24264e9
0.802 57.24336e9
0.803 57.24456e9
0.804 57.24528e9
0.805 57.24600e9
0.806 57.24720e9
0.807 57.24792e9
0.808 57.24864e9
0.809 57.24984e9
0.810 57.25056e9
0.811 57.25200e9
0.812 57.25272e9
0.813 57.25320e9
0.814 57.25464e9
0.815 57.25536e9
0.816 57.25608e9
0.817 57.25728e9
0.818 57.25800e9
0.819 57.25872e9
0.820 57.26016e9
0.821 57.26064e9
0.822 57.26208e9
0.823 57.26280e9
0.824 57.26352e9
0.825 57.26496e9
0.826 57.26544e9
0.827 57.26616e9
0.828 57.26760e9
0.829 57.26832e9
0.830 57.26904e9
0.831 57.27048e9
0.832 57.27120e9
0.833 57.27264e9
0.834 57.27312e9
0.835 57.27408e9
0.836 57.27528e9
0.837 57.27600e9
0.838 57.27672e9
0.839 57.27840e9
0.840 57.27888e9
0.841 57.27960e9
0.842 57.28104e9
0.843 57.28176e9
0.844 57.28320e9
0.845 57.28392e9
0.846 57.28488e9
0.847 57.28632e9
0.848 57.28680e9
0.849 57.28776e9
0.850 57.28896e9
0.851 57.28992e9
0.852 57.29040e9
0.853 57.29208e9
0.854 57.29280e9
0.855 57.29424e9
0.856 57.29496e9
0.857 57.29568e9
0.858 57.29712e9
0.859 57.29760e9
0.860 57.29856e9
0.861 57.30024e9
0.862 57.30096e9
0.863 57.30168e9
0.864 57.30312e9
0.865 57.30384e9
0.866 57.30552e9
0.867 57.30624e9
0.868 57.30696e9
0.869 57.30864e9
0.870 57.30912e9
0.871 57.31008e9
0.872 57.31152e9
0.873 57.31248e9
0.874 57.31368e9
0.875 57.31464e9
0.876 57.31536e9
0.877 57.31704e9
0.878 57.31776e9
0.879 57.31848e9
0.880 57.31992e9
0.881 57.32064e9
0.882 57.32160e9
0.883 57.32328e9
0.884 57.32400e9
0.885 57.32568e9
0.886 57.32640e9
0.887 57.32736e9
0.888 57.32880e9
0.889 57.32952e9
0.890 57.33048e9
0.891 57.33192e9
0.892 57.33288e9
0.893 57.33360e9
0.894 57.33528e9
0.895 57.33600e9
0.896 57.33768e9
0.897 57.33840e9
0.898 57.33912e9
0.899 57.34080e9
0.900 57.34176e9
0.901 57.34248e9
0.902 57.34416e9
0.903 57.34512e9
0.904 57.34584e9
0.905 57.34752e9
0.906 57.34824e9
0.907 57.34992e9
0.908 57.35064e9
0.909 57.35160e9
0.910 57.35328e9
0.911 57.35400e9
0.912 57.35496e9
0.913 57.35664e9
0.914 57.35736e9
0.915 57.35832e9
0.916 57.36000e9
0.917 57.36072e9
0.918 57.36240e9
0.919 57.36336e9
0.920 57.36432e9
0.921 57.36600e9
0.922 57.36696e9
0.923 57.36768e9
0.924 57.36936e9
0.925 57.37032e9
0.926 57.37104e9
0.927 57.37296e9
0.928 57.37368e9
0.929 57.37560e9
0.930 57.37632e9
0.931 57.37728e9
0.932 57.37896e9
0.933 57.37992e9
0.934 57.38088e9
0.935 57.38256e9
0.936 57.38328e9
0.937 57.38520e9
0.938 57.38616e9
0.939 57.38712e9
0.940 57.38904e9
0.941 57.38952e9
0.942 57.39072e9
0.943 57.39240e9
0.944 57.39360e9
0.945 57.39432e9
0.946 57.39624e9
0.947 57.39720e9
0.948 57.39888e9
0.949 57.39984e9
0.950 57.40080e9
0.951 57.40272e9
0.952 57.40368e9
0.953 57.40440e9
0.954 57.40632e9
0.955 57.40728e9
0.956 57.40824e9
0.957 57.41016e9
0.958 57.41112e9
0.959 57.41280e9
0.960 57.41376e9
0.961 57.41472e9
0.962 57.41664e9
0.963 57.41760e9
0.964 57.41856e9
0.965 57.42048e9
0.966 57.42144e9
0.967 57.42240e9
0.968 57.42432e9
0.969 57.42504e9
0.970 57.42720e9
0.971 57.42792e9
0.972 57.42888e9
0.973 57.43080e9
0.974 57.43176e9
0.975 57.43296e9
0.976 57.43464e9
0.977 57.43584e9
0.978 57.43680e9
0.979 57.43848e9
0.980 57.43968e9
0.981 57.44160e9
0.982 57.44280e9
0.983 57.44376e9
0.984 57.44568e9
0.985 57.44688e9
0.986 57.44760e9
0.987 57.44976e9
0.988 57.45072e9
0.989 57.45168e9
0.990 57.45384e9
0.991 57.45480e9
0.992 57.45696e9
0.993 57.45792e9
0.994 57.45888e9
0.995 57.46104e9
0.996 57.46200e9
0.997 57.46296e9
0.998 57.46512e9
0.999 57.46608e9
1.000 57.46824e9
1.001 57.46920e9
1.002 57.47016e9
1.003 57.47232e9
1.004 57.47352e9
1.005 57.47448e9
1.006 57.47640e9
1.007 57.47760e9
1.008 57.47880e9
1.009 57.48072e9
1.010 57.48192e9
1.011 57.48408e9
1.012 57.48504e9
1.013 57.48624e9
1.014 57.48816e9
1.015 57.48936e9
1.016 57.49056e9
1.017 57.49272e9
1.018 57.49368e9
1.019 57.49488e9
1.020 57.49704e9
1.021 57.49800e9
1.022 57.50016e9
1.023 57.50136e9
1.024 57.50256e9
1.025 57.50472e9
1.026 57.50568e9
1.027 57.50688e9
1.028 57.50904e9
1.029 57.51000e9
1.030 57.51120e9
1.031 57.51360e9
1.032 57.51480e9
1.033 57.51696e9
1.034 57.51792e9
1.035 57.51936e9
1.036 57.52152e9
1.037 57.52272e9
1.038 57.52344e9
1.039 57.52608e9
1.040 57.52704e9
1.041 57.52824e9
1.042 57.53064e9
1.043 57.53184e9
1.044 57.53400e9
1.045 57.53544e9
1.046 57.53640e9
1.047 57.53880e9
1.048 57.54000e9
1.049 57.54120e9
1.050 57.54336e9
1.051 57.54456e9
1.052 57.54576e9
1.053 57.54816e9
1.054 57.54936e9
1.055 57.55176e9
1.056 57.55296e9
1.057 57.55416e9
1.058 57.55656e9
1.059 57.55776e9
1.060 57.55896e9
1.061 57.56136e9
1.062 57.56256e9
1.063 57.56376e9
1.064 57.56640e9
1.065 57.56760e9
1.066 57.56976e9
1.067 57.57096e9
1.068 57.57240e9
1.069 57.57480e9
1.070 57.57624e9
1.071 57.57744e9
1.072 57.57984e9
1.073 57.58104e9
1.074 57.58368e9
1.075 57.58488e9
1.076 57.58608e9
1.077 57.58872e9
1.078 57.58992e9
1.079 57.59112e9
1.080 57.59352e9
1.081 57.59472e9
1.082 57.59640e9
1.083 57.59880e9
1.084 57.60024e9
1.085 57.60288e9
1.086 57.60408e9
1.087 57.60528e9
1.088 57.60792e9
1.089 57.60936e9
1.090 57.61056e9
1.091 57.61320e9
1.092 57.61440e9
1.093 57.61584e9
1.094 57.61824e9
1.095 57.61992e9
1.096 57.62256e9
1.097 57.62376e9
1.098 57.62520e9
1.099 57.62760e9
1.100 57.62904e9
1.101 57.63048e9
1.102 57.63312e9
1.103 57.63456e9
1.104 57.63576e9
1.105 57.63864e9
1.106 57.64008e9
1.107 57.64272e9
1.108 57.64392e9
1.109 57.64536e9
1.110 57.64824e9
1.111 57.64944e9
1.112 57.65088e9
1.113 57.65376e9
1.114 57.65496e9
1.115 57.65640e9
1.116 57.65928e9
1.117 57.66048e9
1.118 57.66336e9
1.119 57.66480e9
1.120 57.66624e9
1.121 57.66912e9
1.122 57.67056e9
1.123 57.67176e9
1.124 57.67464e9
1.125 57.67584e9
1.126 57.67704e9
1.127 57.68016e9
1.128 57.68160e9
1.129 57.68448e9
1.130 57.68592e9
1.131 57.68736e9
1.132 57.69024e9
1.133 57.69168e9
1.134 57.69312e9
1.135 57.69600e9
1.136 57.69744e9
1.137 57.70056e9
1.138 57.70200e9
1.139 57.70344e9
1.140 57.70632e9
1.141 57.70776e9
1.142 57.70920e9
1.143 57.71232e9
1.144 57.71400e9
1.145 57.71520e9
1.146 57.71856e9
1.147 57.72000e9
1.148 57.72312e9
1.149 57.72456e9
1.150 57.72600e9
1.151 57.72912e9
1.152 57.73056e9
1.153 57.73224e9
1.154 57.73536e9
1.155 57.73680e9
1.156 57.73848e9
1.157 57.74160e9
1.158 57.74328e9
1.159 57.74640e9
1.160 57.74784e9
1.161 57.74928e9
1.162 57.75264e9
1.163 57.75408e9
1.164 57.75576e9
1.165 57.75888e9
1.166 57.76032e9
1.167 57.76200e9
1.168 57.76536e9
1.169 57.76680e9
1.170 57.76992e9
1.171 57.77184e9
1.172 57.77328e9
1.173 57.77664e9
1.174 57.77832e9
1.175 57.77976e9
1.176 57.78336e9
1.177 57.78504e9
1.178 57.78648e9
1.179 57.78984e9
1.180 57.79152e9
1.181 57.79464e9
1.182 57.79656e9
1.183 57.79824e9
1.184 57.80160e9
1.185 57.80328e9
1.186 57.80496e9
1.187 57.80832e9
1.188 57.81000e9
1.189 57.81168e9
1.190 57.81528e9
1.191 57.81696e9
1.192 57.82032e9
1.193 57.82200e9
1.194 57.82368e9
1.195 57.82728e9
1.196 57.82872e9
1.197 57.83040e9
1.198 57.83400e9
1.199 57.83592e9
1.200 57.83952e9
1.201 57.84120e9
1.202 57.84288e9
1.203 57.84648e9
1.204 57.84816e9
1.205 57.85008e9
1.206 57.85368e9
1.207 57.85560e9
1.208 57.85704e9
1.209 57.86088e9
1.210 57.86256e9
1.211 57.86616e9
1.212 57.86808e9
1.213 57.87000e9
1.214 57.87360e9
1.215 57.87528e9
1.216 57.87720e9
1.217 57.88104e9
1.218 57.88272e9
1.219 57.88464e9
1.220 57.88824e9
1.221 57.89040e9
1.222 57.89400e9
1.223 57.89592e9
1.224 57.89784e9
1.225 57.90144e9
1.226 57.90336e9
1.227 57.90528e9
1.228 57.90912e9
1.229 57.91104e9
1.230 57.91296e9
1.231 57.91680e9
1.232 57.91872e9
1.233 57.92256e9
1.234 57.92424e9
1.235 57.92640e9
1.236 57.93024e9
1.237 57.93216e9
1.238 57.93408e9
1.239 57.93792e9
1.240 57.94008e9
1.241 57.94200e9
1.242 57.94608e9
1.243 57.94800e9
1.244 57.95208e9
1.245 57.95376e9
1.246 57.95568e9
1.247 57.95976e9
1.248 57.96192e9
1.249 57.96384e9
1.250 57.96792e9
1.251 57.97008e9
1.252 57.97200e9
1.253 57.97584e9
1.254 57.97824e9
1.255 57.98208e9
1.256 57.98424e9
1.257 57.98616e9
1.258 57.99024e9
1.259 57.99264e9
1.260 57.99456e9
1.261 57.99864e9
1.262 58.00056e9
1.263 58.00296e9
1.264 58.00728e9
1.265 58.00920e9
1.266 58.01352e9
1.267 58.01544e9
1.268 58.01784e9
1.269 58.02192e9
1.270 58.02408e9
1.271 58.02624e9
1.272 58.03056e9
1.273 58.03272e9
1.274 58.03704e9
1.275 58.03920e9
1.276 58.04136e9
1.277 58.04568e9
1.278 58.04784e9
1.279 58.05000e9
1.280 58.05456e9
1.281 58.05648e9
1.282 58.05864e9
1.283 58.06320e9
1.284 58.06560e9
1.285 58.06992e9
1.286 58.07232e9
1.287 58.07448e9
1.288 58.07904e9
1.289 58.08096e9
1.290 58.08336e9
1.291 58.08792e9
1.292 58.09008e9
1.293 58.09248e9
1.294 58.09704e9
1.295 58.09944e9
1.296 58.10400e9
1.297 58.10616e9
1.298 58.10856e9
1.299 58.11312e9
1.300 58.11552e9
1.301 58.11768e9
1.302 58.12248e9
1.303 58.12488e9
1.304 58.12728e9
1.305 58.13184e9
1.306 58.13424e9
1.307 58.13904e9
1.308 58.14144e9
1.309 58.14384e9
1.310 58.14864e9
1.311 58.15080e9
1.312 58.15344e9
1.313 58.15872e9
1.314 58.16088e9
1.315 58.16352e9
1.316 58.16832e9
1.317 58.17072e9
1.318 58.17576e9
1.319 58.17792e9
1.320 58.18056e9
1.321 58.18536e9
1.322 58.18776e9
1.323 58.19040e9
1.324 58.19544e9
1.325 58.19760e9
1.326 58.20024e9
1.327 58.20528e9
1.328 58.20768e9
1.329 58.21296e9
1.330 58.21536e9
1.331 58.21800e9
1.332 58.22280e9
1.333 58.22544e9
1.334 58.22784e9
1.335 58.23312e9
1.336 58.23576e9
1.337 58.24080e9
1.338 58.24344e9
1.339 58.24608e9
1.340 58.25112e9
1.341 58.25400e9
1.342 58.25640e9
1.343 58.26168e9
1.344 58.26432e9
1.345 58.26696e9
1.346 58.27200e9
1.347 58.27488e9
1.348 58.27992e9
1.349 58.28256e9
1.350 58.28544e9
1.351 58.29072e9
1.352 58.29336e9
1.353 58.29600e9
1.354 58.30128e9
1.355 58.30416e9
1.356 58.30680e9
1.357 58.31208e9
1.358 58.31472e9
1.359 58.32048e9
1.360 58.32312e9
1.361 58.32600e9
1.362 58.33152e9
1.363 58.33416e9
1.364 58.33680e9
1.365 58.34232e9
1.366 58.34496e9
1.367 58.34808e9
1.368 58.35360e9
1.369 58.35648e9
1.370 58.36200e9
1.371 58.36488e9
1.372 58.36752e9
1.373 58.37328e9
1.374 58.37616e9
1.375 58.37880e9
1.376 58.38480e9
1.377 58.38720e9
1.378 58.39032e9
1.379 58.39608e9
1.380 58.39896e9
1.381 58.40472e9
1.382 58.40760e9
1.383 58.41048e9
1.384 58.41624e9
1.385 58.41912e9
1.386 58.42200e9
1.387 58.42800e9
1.388 58.43112e9
1.389 58.43400e9
1.390 58.43976e9
1.391 58.44264e9
1.392 58.44864e9
1.393 58.45176e9
1.394 58.45464e9
1.395 58.46040e9
1.396 58.46328e9
1.397 58.46640e9
1.398 58.47240e9
1.399 58.47528e9
1.400 58.48152e9
1.401 58.48464e9
1.402 58.48752e9
1.403 58.49352e9
1.404 58.49688e9
1.405 58.49952e9
1.406 58.50600e9
1.407 58.50912e9
1.408 58.51248e9
1.409 58.51848e9
1.410 58.52160e9
1.411 58.52808e9
1.412 58.53120e9
1.413 58.53408e9
1.414 58.54056e9
1.415 58.54368e9
1.416 58.54656e9
1.417 58.55280e9
1.418 58.55616e9
1.419 58.55904e9
1.420 58.56552e9
1.421 58.56888e9
1.422 58.57512e9
1.423 58.57824e9
1.424 58.58160e9
1.425 58.58784e9
1.426 58.59096e9
1.427 58.59456e9
1.428 58.60056e9
1.429 58.60416e9
1.430 58.60752e9
1.431 58.61376e9
1.432 58.61688e9
1.433 58.62360e9
1.434 58.62672e9
1.435 58.62984e9
1.436 58.63680e9
1.437 58.63992e9
1.438 58.64328e9
1.439 58.64976e9
1.440 58.65312e9
1.441 58.65648e9
1.442 58.66296e9
1.443 58.66656e9
1.444 58.67328e9
1.445 58.67664e9
1.446 58.68000e9
1.447 58.68672e9
1.448 58.69008e9
1.449 58.69344e9
1.450 58.70016e9
1.451 58.70376e9
1.452 58.70712e9
1.453 58.71384e9
1.454 58.71720e9
1.455 58.72440e9
1.456 58.72776e9
1.457 58.73112e9
1.458 58.73784e9
1.459 58.74168e9
1.460 58.74504e9
1.461 58.75176e9
1.462 58.75536e9
1.463 58.75896e9
1.464 58.76616e9
1.465 58.76976e9
1.466 58.77648e9
1.467 58.78008e9
1.468 58.78368e9
1.469 58.79112e9
1.470 58.79448e9
1.471 58.79808e9
1.472 58.80528e9
1.473 58.80864e9
1.474 58.81536e9
1.475 58.81944e9
1.476 58.82280e9
1.477 58.83000e9
1.478 58.83360e9
1.479 58.83696e9
1.480 58.84440e9
1.481 58.84800e9
1.482 58.85160e9
1.483 58.85904e9
1.484 58.86264e9
1.485 58.86984e9
1.486 58.87368e9
1.487 58.87728e9
1.488 58.88472e9
1.489 58.88832e9
1.490 58.89192e9
1.491 58.89960e9
1.492 58.90320e9
1.493 58.90680e9
1.494 58.91424e9
1.495 58.91784e9
1.496 58.92552e9
1.497 58.92936e9
1.498 58.93296e9
1.499 58.94040e9
1.500 58.94424e9
1.501 58.94760e9
1.502 58.95504e9
1.503 58.95888e9
1.504 58.96272e9
1.505 58.97016e9
1.506 58.97400e9
1.507 58.98168e9
1.508 58.98552e9
1.509 58.98936e9
1.510 58.99704e9
1.511 59.00088e9
1.512 59.00472e9
1.513 59.01240e9
1.514 59.01624e9
1.515 59.02008e9
1.516 59.02752e9
1.517 59.03160e9
1.518 59.03928e9
1.519 59.04312e9
1.520 59.04720e9
1.521 59.05488e9
1.522 59.05896e9
1.523 59.06280e9
1.524 59.07048e9
1.525 59.07456e9
1.526 59.07840e9
1.527 59.08632e9
1.528 59.09016e9
1.529 59.09832e9
1.530 59.10240e9
1.531 59.10600e9
1.532 59.11416e9
1.533 59.11824e9
1.534 59.12184e9
1.535 59.13000e9
1.536 59.13408e9
1.537 59.14176e9
1.538 59.14608e9
1.539 59.15040e9
1.540 59.15832e9
1.541 59.16240e9
1.542 59.16624e9
1.543 59.17416e9
1.544 59.17824e9
1.545 59.18232e9
1.546 59.19048e9
1.547 59.19432e9
1.548 59.20272e9
1.549 59.20704e9
1.550 59.21088e9
1.551 59.21952e9
1.552 59.22336e9
1.553 59.22744e9
1.554 59.23536e9
1.555 59.23968e9
1.556 59.24352e9
1.557 59.25192e9
1.558 59.25600e9
1.559 59.26416e9
1.560 59.26848e9
1.561 59.27256e9
1.562 59.28072e9
1.563 59.28480e9
1.564 59.28936e9
1.565 59.29776e9
1.566 59.30208e9
1.567 59.30568e9
1.568 59.31432e9
1.569 59.31816e9
1.570 59.32632e9
1.571 59.33088e9
1.572 59.33496e9
1.573 59.34312e9
1.574 59.34744e9
1.575 59.35176e9
1.576 59.36016e9
1.577 59.36424e9
1.578 59.36856e9
1.579 59.37696e9
1.580 59.38128e9
1.581 59.38944e9
1.582 59.39400e9
1.583 59.39808e9
1.584 59.40672e9
1.585 59.41104e9
1.586 59.41488e9
1.587 59.42328e9
1.588 59.42784e9
1.589 59.43216e9
1.590 59.44104e9
1.591 59.44512e9
1.592 59.45352e9
1.593 59.45808e9
1.594 59.46240e9
1.595 59.47128e9
1.596 59.47536e9
1.597 59.48016e9
1.598 59.48856e9
1.599 59.49264e9
1.600 59.50128e9
1.601 59.50560e9
1.602 59.50992e9
1.603 59.51880e9
1.604 59.52312e9
1.605 59.52720e9
1.606 59.53584e9
1.607 59.54016e9
1.608 59.54448e9
1.609 59.55336e9
1.610 59.55768e9
1.611 59.56656e9
1.612 59.57088e9
1.613 59.57520e9
1.614 59.58384e9
1.615 59.58792e9
1.616 59.59224e9
1.617 59.60112e9
1.618 59.60544e9
1.619 59.60976e9
1.620 59.61840e9
1.621 59.62248e9
1.622 59.63160e9
1.623 59.63616e9
1.624 59.64048e9
1.625 59.64936e9
1.626 59.65344e9
1.627 59.65776e9
1.628 59.66664e9
1.629 59.67120e9
1.630 59.67552e9
1.631 59.68416e9
1.632 59.68872e9
1.633 59.69760e9
1.634 59.70192e9
1.635 59.70624e9
1.636 59.71488e9
1.637 59.71896e9
1.638 59.72328e9
1.639 59.73216e9
1.640 59.73672e9
1.641 59.74104e9
1.642 59.75040e9
1.643 59.75424e9
1.644 59.76288e9
1.645 59.76768e9
1.646 59.77224e9
1.647 59.78088e9
1.648 59.78544e9
1.649 59.78976e9
1.650 59.79864e9
1.651 59.80296e9
1.652 59.80752e9
1.653 59.81616e9
1.654 59.82048e9
1.655 59.82960e9
1.656 59.83368e9
1.657 59.83800e9
1.658 59.84664e9
1.659 59.85144e9
1.660 59.85576e9
1.661 59.86464e9
1.662 59.86920e9
1.663 59.87328e9
1.664 59.88240e9
1.665 59.88696e9
1.666 59.89536e9
1.667 59.90016e9
1.668 59.90448e9
1.669 59.91336e9
1.670 59.91720e9
1.671 59.92224e9
1.672 59.93112e9
1.673 59.93520e9
1.674 59.94432e9
1.675 59.94864e9
1.676 59.95320e9
1.677 59.96232e9
1.678 59.96640e9
1.679 59.97048e9
1.680 59.97960e9
1.681 59.98392e9
1.682 59.98848e9
1.683 59.99712e9
1.684 60.00144e9
1.685 60.01032e9
1.686 60.01464e9
1.687 60.01920e9
1.688 60.02856e9
1.689 60.03312e9
1.690 60.03768e9
1.691 60.04608e9
1.692 60.05064e9
1.693 60.05496e9
1.694 60.06360e9
1.695 60.06792e9
1.696 60.07704e9
1.697 60.08136e9
1.698 60.08592e9
1.699 60.09456e9
1.700 60.09864e9
1.701 60.10320e9
1.702 60.11208e9
1.703 60.11688e9
1.704 60.12120e9
1.705 60.12984e9
1.706 60.13416e9
1.707 60.14256e9
1.708 60.14712e9
1.709 60.15144e9
1.710 60.16008e9
1.711 60.16440e9
1.712 60.16896e9
1.713 60.17760e9
1.714 60.18192e9
1.715 60.18648e9
1.716 60.19560e9
1.717 60.19968e9
1.718 60.20832e9
1.719 60.21288e9
1.720 60.21696e9
1.721 60.22584e9
1.722 60.23040e9
1.723 60.23496e9
1.724 60.24336e9
1.725 60.24792e9
1.726 60.25200e9
1.727 60.26064e9
1.728 60.26496e9
1.729 60.27384e9
1.730 60.27792e9
1.731 60.28224e9
1.732 60.29088e9
1.733 60.29520e9
1.734 60.29928e9
1.735 60.30840e9
1.736 60.31272e9
1.737 60.32136e9
1.738 60.32592e9
1.739 60.33000e9
1.740 60.33888e9
1.741 60.34344e9
1.742 60.34728e9
1.743 60.35616e9
1.744 60.36000e9
1.745 60.36456e9
1.746 60.37296e9
1.747 60.37704e9
1.748 60.38544e9
1.749 60.38976e9
1.750 60.39384e9
1.751 60.40248e9
1.752 60.40680e9
1.753 60.41088e9
1.754 60.41952e9
1.755 60.42408e9
1.756 60.42840e9
1.757 60.43680e9
1.758 60.44112e9
1.759 60.44928e9
1.760 60.45384e9
1.761 60.45816e9
1.762 60.46632e9
1.763 60.47064e9
1.764 60.47496e9
1.765 60.48336e9
1.766 60.48744e9
1.767 60.49200e9
1.768 60.50040e9
1.769 60.50472e9
1.770 60.51312e9
1.771 60.51672e9
1.772 60.52128e9
1.773 60.52944e9
1.774 60.53376e9
1.775 60.53784e9
1.776 60.54624e9
1.777 60.55056e9
1.778 60.55440e9
1.779 60.56304e9
1.780 60.56712e9
1.781 60.57600e9
1.782 60.58008e9
1.783 60.58440e9
1.784 60.59280e9
1.785 60.59640e9
1.786 60.60048e9
1.787 60.60912e9
1.788 60.61320e9
1.789 60.61728e9
1.790 60.62544e9
1.791 60.62952e9
1.792 60.63792e9
1.793 60.64200e9
1.794 60.64608e9
1.795 60.65448e9
1.796 60.65856e9
1.797 60.66264e9
1.798 60.67080e9
1.799 60.67512e9
1.800 60.68328e9
1.801 60.68736e9
1.802 60.69168e9
1.803 60.69960e9
1.804 60.70368e9
1.805 60.70752e9
1.806 60.71592e9
1.807 60.71952e9
1.808 60.72408e9
1.809 60.73176e9
1.810 60.73584e9
1.811 60.74400e9
1.812 60.74832e9
1.813 60.75216e9
1.814 60.76008e9
1.815 60.76416e9
1.816 60.76848e9
1.817 60.77616e9
1.818 60.78024e9
1.819 60.78432e9
1.820 60.79200e9
1.821 60.79608e9
1.822 60.80400e9
1.823 60.80808e9
1.824 60.81216e9
1.825 60.81984e9
1.826 60.82368e9
1.827 60.82776e9
1.828 60.83568e9
1.829 60.84000e9
1.830 60.84360e9
1.831 60.85152e9
1.832 60.85560e9
1.833 60.86352e9
1.834 60.86760e9
1.835 60.87096e9
1.836 60.87888e9
1.837 60.88272e9
1.838 60.88704e9
1.839 60.89496e9
1.840 60.89880e9
1.841 60.90264e9
1.842 60.91032e9
1.843 60.91416e9
1.844 60.92184e9
1.845 60.92568e9
1.846 60.92976e9
1.847 60.93720e9
1.848 60.94128e9
1.849 60.94512e9
1.850 60.95280e9
1.851 60.95640e9
1.852 60.96048e9
1.853 60.96816e9
1.854 60.97176e9
1.855 60.97944e9
1.856 60.98352e9
1.857 60.98712e9
1.858 60.99480e9
1.859 60.99864e9
1.860 61.00224e9
1.861 61.00992e9
1.862 61.01352e9
1.863 61.01736e9
1.864 61.02504e9
1.865 61.02864e9
1.866 61.03632e9
1.867 61.04016e9
1.868 61.04376e9
1.869 61.05168e9
1.870 61.05528e9
1.871 61.05888e9
1.872 61.06608e9
1.873 61.06992e9
1.874 61.07760e9
1.875 61.08120e9
1.876 61.08384e9
1.877 61.09152e9
1.878 61.09488e9
1.879 61.09848e9
1.880 61.10592e9
1.881 61.10976e9
1.882 61.11336e9
1.883 61.12080e9
1.884 61.12440e9
1.885 61.13184e9
1.886 61.13544e9
1.887 61.13904e9
1.888 61.14624e9
1.889 61.14984e9
1.890 61.15344e9
1.891 61.16064e9
1.892 61.16448e9
1.893 61.16784e9
1.894 61.17528e9
1.895 61.17864e9
1.896 61.18584e9
1.897 61.18944e9
1.898 61.19328e9
1.899 61.20024e9
1.900 61.20384e9
1.901 61.20744e9
1.902 61.21416e9
1.903 61.21800e9
1.904 61.22136e9
1.905 61.22856e9
1.906 61.23216e9
1.907 61.23912e9
1.908 61.24272e9
1.909 61.24632e9
1.910 61.25352e9
1.911 61.25640e9
1.912 61.26048e9
1.913 61.26744e9
1.914 61.27080e9
1.915 61.27416e9
1.916 61.28112e9
1.917 61.28424e9
1.918 61.29144e9
1.919 61.29480e9
1.920 61.29840e9
1.921 61.30536e9
1.922 61.30896e9
1.923 61.31232e9
1.924 61.31928e9
1.925 61.32264e9
1.926 61.32624e9
1.927 61.33320e9
1.928 61.33656e9
1.929 61.34328e9
1.930 61.34664e9
1.931 61.35024e9
1.932 61.35672e9
1.933 61.36032e9
1.934 61.36368e9
1.935 61.37040e9
1.936 61.37376e9
1.937 61.38024e9
1.938 61.38360e9
1.939 61.38720e9
1.940 61.39392e9
1.941 61.39728e9
1.942 61.40040e9
1.943 61.40712e9
1.944 61.41048e9
1.945 61.41384e9
1.946 61.42008e9
1.947 61.42344e9
1.948 61.43016e9
1.949 61.43352e9
1.950 61.43664e9
1.951 61.44312e9
1.952 61.44648e9
1.953 61.44984e9
1.954 61.45656e9
1.955 61.45992e9
1.956 61.46304e9
1.957 61.46928e9
1.958 61.47240e9
1.959 61.47888e9
1.960 61.48248e9
1.961 61.48560e9
1.962 61.49208e9
1.963 61.49520e9
1.964 61.49832e9
1.965 61.50480e9
1.966 61.50816e9
1.967 61.51128e9
1.968 61.51752e9
1.969 61.52088e9
1.970 61.52736e9
1.971 61.53072e9
1.972 61.53360e9
1.973 61.54008e9
1.974 61.54344e9
1.975 61.54632e9
1.976 61.55256e9
1.977 61.55568e9
1.978 61.55880e9
1.979 61.56504e9
1.980 61.56840e9
1.981 61.57440e9
1.982 61.57776e9
1.983 61.58064e9
1.984 61.58688e9
1.985 61.59000e9
1.986 61.59312e9
1.987 61.59936e9
1.988 61.60224e9
1.989 61.60536e9
1.990 61.61160e9
1.991 61.61472e9
1.992 61.62072e9
1.993 61.62360e9
1.994 61.62648e9
1.995 61.63272e9
1.996 61.63560e9
1.997 61.63896e9
1.998 61.64472e9
1.999 61.64784e9
2.000 61.65384e9
2.001 61.65696e9
2.002 61.65984e9
2.003 61.66560e9
2.004 61.66896e9
2.005 61.67160e9
2.006 61.67808e9
2.007 61.68072e9
2.008 61.68360e9
2.009 61.68960e9
2.010 61.69248e9
2.011 61.69848e9
2.012 61.70160e9
2.013 61.70472e9
2.014 61.71024e9
2.015 61.71336e9
2.016 61.71624e9
2.017 61.72176e9
2.018 61.72488e9
2.019 61.72776e9
2.020 61.73376e9
2.021 61.73640e9
2.022 61.74216e9
2.023 61.74480e9
2.024 61.74792e9
2.025 61.75368e9
2.026 61.75656e9
2.027 61.75944e9
2.028 61.76472e9
2.029 61.76784e9
2.030 61.77048e9
2.031 61.77624e9
2.032 61.77936e9
2.033 61.78488e9
2.034 61.78776e9
2.035 61.79040e9
2.036 61.79616e9
2.037 61.79856e9
2.038 61.80168e9
2.039 61.80696e9
2.040 61.80984e9
2.041 61.81272e9
2.042 61.81824e9
2.043 61.82088e9
2.044 61.82640e9
2.045 61.82880e9
2.046 61.83144e9
2.047 61.83648e9
2.048 61.83960e9
2.049 61.84224e9
2.050 61.84800e9
2.051 61.85064e9
2.052 61.85352e9
2.053 61.85880e9
2.054 61.86168e9
2.055 61.86696e9
2.056 61.86960e9
2.057 61.87224e9
2.058 61.87752e9
2.059 61.87992e9
2.060 61.88280e9
2.061 61.88856e9
2.062 61.89144e9
2.063 61.89384e9
2.064 61.89936e9
2.065 61.90224e9
2.066 61.90800e9
2.067 61.91016e9
2.068 61.91280e9
2.069 61.91832e9
2.070 61.92120e9
2.071 61.92360e9
2.072 61.92912e9
2.073 61.93152e9
2.074 61.93704e9
2.075 61.93968e9
2.076 61.94208e9
2.077 61.94736e9
2.078 61.95024e9
2.079 61.95240e9
2.080 61.95792e9
2.081 61.96032e9
2.082 61.96272e9
2.083 61.96824e9
2.084 61.97064e9
2.085 61.97568e9
2.086 61.97856e9
2.087 61.98096e9
2.088 61.98600e9
2.089 61.98816e9
2.090 61.99080e9
2.091 61.99560e9
2.092 61.99848e9
2.093 62.00064e9
2.094 62.00568e9
2.095 62.00832e9
2.096 62.01336e9
2.097 62.01576e9
2.098 62.01840e9
2.099 62.02344e9
2.100 62.02584e9
2.101 62.02824e9
2.102 62.03304e9
2.103 62.03520e9
2.104 62.03856e9
2.105 62.04264e9
2.106 62.04600e9
2.107 62.05104e9
2.108 62.05344e9
2.109 62.05560e9
2.110 62.05968e9
2.111 62.06208e9
2.112 62.06424e9
2.113 62.06976e9
2.114 62.07216e9
2.115 62.07480e9
2.116 62.07936e9
2.117 62.08224e9
2.118 62.08680e9
2.119 62.09016e9
2.120 62.09208e9
2.121 62.09712e9
2.122 62.09952e9
2.123 62.10192e9
2.124 62.10696e9
2.125 62.10912e9
2.126 62.11152e9
2.127 62.11632e9
2.128 62.11824e9
2.129 62.12376e9
2.130 62.12640e9
2.131 62.12808e9
2.132 62.13288e9
2.133 62.13480e9
2.134 62.13744e9
2.135 62.14224e9
2.136 62.14488e9
2.137 62.14920e9
2.138 62.15160e9
2.139 62.15376e9
2.140 62.15856e9
2.141 62.16072e9
2.142 62.16312e9
2.143 62.16696e9
2.144 62.16936e9
2.145 62.17176e9
2.146 62.17608e9
2.147 62.17920e9
2.148 62.18328e9
2.149 62.18568e9
2.150 62.18736e9
2.151 62.19288e9
2.152 62.19408e9
2.153 62.19744e9
2.154 62.20200e9
2.155 62.20368e9
2.156 62.20560e9
2.157 62.21064e9
2.158 62.21256e9
2.159 62.21712e9
2.160 62.21928e9
2.161 62.22192e9
2.162 62.22600e9
2.163 62.22792e9
2.164 62.23008e9
2.165 62.23512e9
2.166 62.23752e9
2.167 62.23896e9
2.168 62.24376e9
2.169 62.24592e9
2.170 62.25096e9
2.171 62.25240e9
2.172 62.25504e9
2.173 62.25960e9
2.174 62.26176e9
2.175 62.26368e9
2.176 62.26824e9
2.177 62.27016e9
2.178 62.27232e9
2.179 62.27640e9
2.180 62.27832e9
2.181 62.28192e9
2.182 62.28456e9
2.183 62.28648e9
2.184 62.29080e9
2.185 62.29272e9
2.186 62.29512e9
2.187 62.29920e9
2.188 62.30160e9
2.189 62.30376e9
2.190 62.30808e9
2.191 62.30976e9
2.192 62.31480e9
2.193 62.31624e9
2.194 62.31840e9
2.195 62.32272e9
2.196 62.32512e9
2.197 62.32680e9
2.198 62.33160e9
2.199 62.33328e9
2.200 62.33760e9
2.201 62.33904e9
2.202 62.34120e9
2.203 62.34528e9
2.204 62.34720e9
2.205 62.34960e9
2.206 62.35392e9
2.207 62.35656e9
2.208 62.35776e9
2.209 62.36184e9
2.210 62.36400e9
2.211 62.36832e9
2.212 62.37024e9
2.213 62.37216e9
2.214 62.37600e9
2.215 62.37840e9
2.216 62.38008e9
2.217 62.38392e9
2.218 62.38632e9
2.219 62.38776e9
2.220 62.39256e9
2.221 62.39448e9
2.222 62.39856e9
2.223 62.40048e9
2.224 62.40240e9
2.225 62.40624e9
2.226 62.40864e9
2.227 62.41056e9
2.228 62.41440e9
2.229 62.41632e9
2.230 62.41824e9
2.231 62.42208e9
2.232 62.42400e9
2.233 62.42784e9
2.234 62.42976e9
2.235 62.43168e9
2.236 62.43576e9
2.237 62.43744e9
2.238 62.43936e9
2.239 62.44320e9
2.240 62.44512e9
2.241 62.44728e9
2.242 62.45136e9
2.243 62.45304e9
2.244 62.45688e9
2.245 62.45880e9
2.246 62.46072e9
2.247 62.46432e9
2.248 62.46648e9
2.249 62.46816e9
2.250 62.47176e9
2.251 62.47416e9
2.252 62.47584e9
2.253 62.48016e9
2.254 62.48184e9
2.255 62.48544e9
2.256 62.48736e9
2.257 62.48928e9
2.258 62.49312e9
2.259 62.49480e9
2.260 62.49696e9
2.261 62.50080e9
2.262 62.50248e9
2.263 62.50440e9
2.264 62.50800e9
2.265 62.51016e9
2.266 62.51376e9
2.267 62.51568e9
2.268 62.51736e9
2.269 62.52096e9
2.270 62.52264e9
2.271 62.52480e9
2.272 62.52840e9
2.273 62.53008e9
2.274 62.53416e9
2.275 62.53584e9
2.276 62.53776e9
2.277 62.54136e9
2.278 62.54280e9
2.279 62.54472e9
2.280 62.54832e9
2.281 62.55000e9
2.282 62.55192e9
2.283 62.55552e9
2.284 62.55768e9
2.285 62.56080e9
2.286 62.56272e9
2.287 62.56464e9
2.288 62.56824e9
2.289 62.57016e9
2.290 62.57160e9
2.291 62.57520e9
2.292 62.57688e9
2.293 62.57904e9
2.294 62.58216e9
2.295 62.58408e9
2.296 62.58768e9
2.297 62.58960e9
2.298 62.59128e9
2.299 62.59488e9
2.300 62.59656e9
2.301 62.59824e9
2.302 62.60184e9
2.303 62.60352e9
2.304 62.60544e9
2.305 62.60856e9
2.306 62.61096e9
2.307 62.61408e9
2.308 62.61552e9
2.309 62.61744e9
2.310 62.62104e9
2.311 62.62296e9
2.312 62.62488e9
2.313 62.62800e9
2.314 62.62920e9
2.315 62.63184e9
2.316 62.63496e9
2.317 62.63664e9
2.318 62.63976e9
2.319 62.64168e9
2.320 62.64312e9
2.321 62.64648e9
2.322 62.64816e9
2.323 62.64960e9
2.324 62.65296e9
2.325 62.65488e9
2.326 62.65680e9
2.327 62.65992e9
2.328 62.66160e9
2.329 62.66496e9
2.330 62.66664e9
2.331 62.66832e9
2.332 62.67168e9
2.333 62.67336e9
2.334 62.67504e9
2.335 62.67840e9
2.336 62.68008e9
2.337 62.68344e9
2.338 62.68512e9
2.339 62.68680e9
2.340 62.69016e9
2.341 62.69160e9
2.342 62.69328e9
2.343 62.69664e9
2.344 62.69808e9
2.345 62.70000e9
2.346 62.70288e9
2.347 62.70504e9
2.348 62.70816e9
2.349 62.70936e9
2.350 62.71128e9
2.351 62.71464e9
2.352 62.71632e9
2.353 62.71776e9
2.354 62.72112e9
2.355 62.72256e9
2.356 62.72424e9
2.357 62.72760e9
2.358 62.72928e9
2.359 62.73264e9
2.360 62.73384e9
2.361 62.73576e9
2.362 62.73864e9
2.363 62.74056e9
2.364 62.74200e9
2.365 62.74512e9
2.366 62.74680e9
2.367 62.74848e9
2.368 62.75184e9
2.369 62.75304e9
2.370 62.75640e9
2.371 62.75784e9
2.372 62.75904e9
2.373 62.76216e9
2.374 62.76384e9
2.375 62.76576e9
2.376 62.76864e9
2.377 62.77032e9
2.378 62.77176e9
2.379 62.77488e9
2.380 62.77632e9
2.381 62.77968e9
2.382 62.78112e9
2.383 62.78280e9
2.384 62.78592e9
2.385 62.78736e9
2.386 62.78880e9
2.387 62.79192e9
2.388 62.79336e9
2.389 62.79504e9
2.390 62.79792e9
2.391 62.79936e9
2.392 62.80248e9
2.393 62.80440e9
2.394 62.80560e9
2.395 62.80848e9
2.396 62.81016e9
2.397 62.81160e9
2.398 62.81472e9
2.399 62.81616e9
2.400 62.81952e9
2.401 62.82072e9
2.402 62.82240e9
2.403 62.82528e9
2.404 62.82696e9
2.405 62.82840e9
2.406 62.83176e9
2.407 62.83320e9
2.408 62.83488e9
2.409 62.83776e9
2.410 62.83896e9
2.411 62.84184e9
2.412 62.84352e9
2.413 62.84496e9
2.414 62.84808e9
2.415 62.84952e9
2.416 62.85120e9
2.417 62.85384e9
2.418 62.85552e9
2.419 62.85648e9
2.420 62.86008e9
2.421 62.86128e9
2.422 62.86416e9
2.423 62.86584e9
2.424 62.86752e9
2.425 62.87016e9
2.426 62.87184e9
2.427 62.87304e9
2.428 62.87568e9
2.429 62.87760e9
2.430 62.87880e9
2.431 62.88168e9
2.432 62.88336e9
2.433 62.88648e9
2.434 62.88768e9
2.435 62.88936e9
2.436 62.89224e9
2.437 62.89368e9
2.438 62.89488e9
2.439 62.89800e9
2.440 62.89920e9
2.441 62.90088e9
2.442 62.90376e9
2.443 62.90496e9
2.444 62.90808e9
2.445 62.90928e9
2.446 62.91096e9
2.447 62.91384e9
2.448 62.91504e9
2.449 62.91624e9
2.450 62.91936e9
2.451 62.92080e9
2.452 62.92224e9
2.453 62.92464e9
2.454 62.92608e9
2.455 62.92896e9
2.456 62.93064e9
2.457 62.93184e9
2.458 62.93472e9
2.459 62.93592e9
2.460 62.93760e9
2.461 62.94000e9
2.462 62.94168e9
2.463 62.94288e9
2.464 62.94600e9
2.465 62.94720e9
2.466 62.95008e9
2.467 62.95128e9
2.468 62.95272e9
2.469 62.95536e9
2.470 62.95680e9
2.471 62.95824e9
2.472 62.96088e9
2.473 62.96232e9
2.474 62.96496e9
2.475 62.96640e9
2.476 62.96808e9
2.477 62.97072e9
2.478 62.97192e9
2.479 62.97336e9
2.480 62.97624e9
2.481 62.97720e9
2.482 62.97864e9
2.483 62.98128e9
2.484 62.98272e9
2.485 62.98560e9
2.486 62.98680e9
2.487 62.98824e9
2.488 62.99064e9
2.489 62.99232e9
2.490 62.99328e9
2.491 62.99640e9
2.492 62.99760e9
2.493 62.99904e9
2.494 63.00168e9
2.495 63.00288e9
2.496 63.00576e9
2.497 63.00672e9
2.498 63.00816e9
2.499 63.01104e9
2.500 63.01224e9
2.501 63.01344e9
2.502 63.01608e9
2.503 63.01752e9
2.504 63.01896e9
2.505 63.02184e9
2.506 63.02280e9
2.507 63.02544e9
2.508 63.02712e9
2.509 63.02856e9
2.510 63.03072e9
2.511 63.03216e9
2.512 63.03336e9
2.513 63.03600e9
2.514 63.03720e9
2.515 63.03840e9
2.516 63.04128e9
2.517 63.04272e9
2.518 63.04488e9
2.519 63.04656e9
2.520 63.04776e9
2.521 63.05016e9
2.522 63.05160e9
2.523 63.05304e9
2.524 63.05568e9
2.525 63.05664e9
2.526 63.05808e9
2.527 63.06072e9
2.528 63.06192e9
2.529 63.06456e9
2.530 63.06576e9
2.531 63.06720e9
2.532 63.06984e9
2.533 63.07104e9
2.534 63.07224e9
2.535 63.07488e9
2.536 63.07608e9
2.537 63.07848e9
2.538 63.07968e9
2.539 63.08112e9
2.540 63.08352e9
2.541 63.08448e9
2.542 63.08592e9
2.543 63.08856e9
2.544 63.08976e9
2.545 63.09096e9
2.546 63.09360e9
2.547 63.09480e9
2.548 63.09720e9
2.549 63.09864e9
2.550 63.09984e9
2.551 63.10200e9
2.552 63.10344e9
2.553 63.10488e9
2.554 63.10728e9
2.555 63.10848e9
2.556 63.10968e9
2.557 63.11232e9
2.558 63.11352e9
2.559 63.11592e9
2.560 63.11688e9
2.561 63.11808e9
2.562 63.12072e9
2.563 63.12192e9
2.564 63.12312e9
2.565 63.12576e9
2.566 63.12696e9
2.567 63.12792e9
2.568 63.13032e9
2.569 63.13176e9
2.570 63.13392e9
2.571 63.13512e9
2.572 63.13632e9
2.573 63.13872e9
2.574 63.14016e9
2.575 63.14136e9
2.576 63.14352e9
2.577 63.14496e9
2.578 63.14616e9
2.579 63.14856e9
2.580 63.14976e9
2.581 63.15240e9
2.582 63.15336e9
2.583 63.15480e9
2.584 63.15720e9
2.585 63.15840e9
2.586 63.15936e9
2.587 63.16176e9
2.588 63.16296e9
2.589 63.16440e9
2.590 63.16656e9
2.591 63.16800e9
2.592 63.16992e9
2.593 63.17160e9
2.594 63.17256e9
2.595 63.17496e9
2.596 63.17592e9
2.597 63.17736e9
2.598 63.17976e9
2.599 63.18072e9
2.600 63.18336e9
2.601 63.18408e9
2.602 63.18552e9
2.603 63.18768e9
2.604 63.18912e9
2.605 63.19008e9
2.606 63.19272e9
2.607 63.19368e9
2.608 63.19512e9
2.609 63.19728e9
2.610 63.19824e9
2.611 63.20064e9
2.612 63.20208e9
2.613 63.20280e9
2.614 63.20544e9
2.615 63.20664e9
2.616 63.20760e9
2.617 63.21000e9
2.618 63.21120e9
2.619 63.21216e9
2.620 63.21456e9
2.621 63.21576e9
2.622 63.21792e9
2.623 63.21912e9
2.624 63.22032e9
2.625 63.22272e9
2.626 63.22368e9
2.627 63.22512e9
2.628 63.22728e9
2.629 63.22824e9
2.630 63.22944e9
2.631 63.23184e9
2.632 63.23280e9
2.633 63.23520e9
2.634 63.23640e9
2.635 63.23760e9
2.636 63.23976e9
2.637 63.24096e9
2.638 63.24192e9
2.639 63.24408e9
2.640 63.24552e9
2.641 63.24648e9
2.642 63.24864e9
2.643 63.25008e9
2.644 63.25224e9
2.645 63.25320e9
2.646 63.25440e9
2.647 63.25680e9
2.648 63.25752e9
2.649 63.25872e9
2.650 63.26088e9
2.651 63.26184e9
2.652 63.26304e9
2.653 63.26568e9
2.654 63.26664e9
2.655 63.26880e9
2.656 63.27000e9
2.657 63.27096e9
2.658 63.27336e9
2.659 63.27408e9
2.660 63.27528e9
2.661 63.27744e9
2.662 63.27888e9
2.663 63.27960e9
2.664 63.28200e9
2.665 63.28296e9
2.666 63.28512e9
2.667 63.28632e9
2.668 63.28728e9
2.669 63.28968e9
2.670 63.29088e9
2.671 63.29184e9
2.672 63.29424e9
2.673 63.29496e9
2.674 63.29712e9
2.675 63.29832e9
2.676 63.29952e9
2.677 63.30168e9
2.678 63.30264e9
2.679 63.30384e9
2.680 63.30600e9
2.681 63.30696e9
2.682 63.30792e9
2.683 63.31008e9
2.684 63.31128e9
2.685 63.31344e9
2.686 63.31464e9
2.687 63.31584e9
2.688 63.31800e9
2.689 63.31896e9
2.690 63.31992e9
2.691 63.32208e9
2.692 63.32328e9
2.693 63.32400e9
2.694 63.32640e9
2.695 63.32736e9
2.696 63.32928e9
2.697 63.33024e9
2.698 63.33168e9
2.699 63.33336e9
2.700 63.33480e9
2.701 63.33576e9
2.702 63.33768e9
2.703 63.33888e9
2.704 63.34008e9
2.705 63.34224e9
2.706 63.34320e9
2.707 63.34512e9
2.708 63.34632e9
2.709 63.34728e9
2.710 63.34944e9
2.711 63.35016e9
2.712 63.35160e9
2.713 63.35352e9
2.714 63.35472e9
2.715 63.35544e9
2.716 63.35760e9
2.717 63.35856e9
2.718 63.36048e9
2.719 63.36168e9
2.720 63.36288e9
2.721 63.36480e9
2.722 63.36576e9
2.723 63.36672e9
2.724 63.36888e9
2.725 63.36984e9
2.726 63.37080e9
2.727 63.37296e9
2.728 63.37392e9
2.729 63.37632e9
2.730 63.37728e9
2.731 63.37800e9
2.732 63.38016e9
2.733 63.38112e9
2.734 63.38256e9
2.735 63.38448e9
2.736 63.38544e9
2.737 63.38760e9
2.738 63.38832e9
2.739 63.38952e9
2.740 63.39144e9
2.741 63.39264e9
2.742 63.39336e9
2.743 63.39576e9
2.744 63.39648e9
2.745 63.39744e9
2.746 63.39984e9
2.747 63.40080e9
2.748 63.40248e9
2.749 63.40368e9
2.750 63.40488e9
2.751 63.40680e9
2.752 63.40752e9
2.753 63.40848e9
2.754 63.41064e9
2.755 63.41160e9
2.756 63.41256e9
2.757 63.41448e9
2.758 63.41568e9
2.759 63.41760e9
2.760 63.41880e9
2.761 63.41976e9
2.762 63.42144e9
2.763 63.42264e9
2.764 63.42360e9
2.765 63.42552e9
2.766 63.42624e9
2.767 63.42768e9
2.768 63.42960e9
2.769 63.43056e9
2.770 63.43248e9
2.771 63.43344e9
2.772 63.43416e9
2.773 63.43608e9
2.774 63.43728e9
2.775 63.43824e9
2.776 63.44016e9
2.777 63.44112e9
2.778 63.44208e9
2.779 63.44400e9
2.780 63.44496e9
2.781 63.44688e9
2.782 63.44784e9
2.783 63.44880e9
2.784 63.45096e9
2.785 63.45192e9
2.786 63.45264e9
2.787 63.45480e9
2.788 63.45552e9
2.789 63.45648e9
2.790 63.45840e9
2.791 63.45936e9
2.792 63.46128e9
2.793 63.46224e9
2.794 63.46320e9
2.795 63.46512e9
2.796 63.46584e9
2.797 63.46680e9
2.798 63.46896e9
2.799 63.46992e9
2.800 63.47088e9
2.801 63.47256e9
2.802 63.47352e9
2.803 63.47544e9
2.804 63.47640e9
2.805 63.47736e9
2.806 63.47904e9
2.807 63.48000e9
2.808 63.48120e9
2.809 63.48288e9
2.810 63.48384e9
2.811 63.48552e9
2.812 63.48648e9
2.813 63.48768e9
2.814 63.48960e9
2.815 63.49080e9
2.816 63.49152e9
2.817 63.49344e9
2.818 63.49464e9
2.819 63.49536e9
2.820 63.49704e9
2.821 63.49824e9
2.822 63.49992e9
2.823 63.50112e9
2.824 63.50184e9
2.825 63.50376e9
2.826 63.50448e9
2.827 63.50544e9
2.828 63.50760e9
2.829 63.50856e9
2.830 63.50928e9
2.831 63.51120e9
2.832 63.51216e9
2.833 63.51360e9
2.834 63.51480e9
2.835 63.51552e9
2.836 63.51720e9
2.837 63.51840e9
2.838 63.51912e9
2.839 63.52104e9
2.840 63.52200e9
2.841 63.52296e9
2.842 63.52464e9
2.843 63.52560e9
2.844 63.52728e9
2.845 63.52824e9
2.846 63.52920e9
2.847 63.53112e9
2.848 63.53208e9
2.849 63.53304e9
2.850 63.53472e9
2.851 63.53544e9
2.852 63.53640e9
2.853 63.53832e9
2.854 63.53928e9
2.855 63.54096e9
2.856 63.54192e9
2.857 63.54288e9
2.858 63.54480e9
2.859 63.54552e9
2.860 63.54624e9
2.861 63.54840e9
2.862 63.54912e9
2.863 63.55008e9
2.864 63.55200e9
2.865 63.55272e9
2.866 63.55488e9
2.867 63.55560e9
2.868 63.55656e9
2.869 63.55800e9
2.870 63.55920e9
2.871 63.56016e9
2.872 63.56160e9
2.873 63.56256e9
2.874 63.56448e9
2.875 63.56520e9
2.876 63.56640e9
2.877 63.56784e9
2.878 63.56880e9
2.879 63.56976e9
2.880 63.57144e9
2.881 63.57240e9
2.882 63.57336e9
2.883 63.57504e9
2.884 63.57600e9
2.885 63.57768e9
2.886 63.57840e9
2.887 63.57936e9
2.888 63.58104e9
2.889 63.58200e9
2.890 63.58272e9
2.891 63.58464e9
2.892 63.58560e9
2.893 63.58632e9
2.894 63.58800e9
2.895 63.58896e9
2.896 63.59064e9
2.897 63.59160e9
2.898 63.59232e9
2.899 63.59400e9
2.900 63.59496e9
2.901 63.59592e9
2.902 63.59760e9
2.903 63.59856e9
2.904 63.59952e9
2.905 63.60096e9
2.906 63.60192e9
2.907 63.60360e9
2.908 63.60456e9
2.909 63.60528e9
2.910 63.60720e9
2.911 63.60792e9
2.912 63.60864e9
2.913 63.61080e9
2.914 63.61128e9
2.915 63.61224e9
2.916 63.61392e9
2.917 63.61488e9
2.918 63.61680e9
2.919 63.61728e9
2.920 63.61824e9
2.921 63.61992e9
2.922 63.62064e9
2.923 63.62160e9
2.924 63.62352e9
2.925 63.62424e9
2.926 63.62496e9
2.927 63.62664e9
2.928 63.62760e9
2.929 63.62928e9
2.930 63.63000e9
2.931 63.63072e9
2.932 63.63264e9
2.933 63.63336e9
2.934 63.63432e9
2.935 63.63600e9
2.936 63.63672e9
2.937 63.63840e9
2.938 63.63960e9
2.939 63.64032e9
2.940 63.64200e9
2.941 63.64296e9
2.942 63.64368e9
2.943 63.64536e9
2.944 63.64632e9
2.945 63.64704e9
2.946 63.64848e9
2.947 63.64968e9
2.948 63.65136e9
2.949 63.65184e9
2.950 63.65256e9
2.951 63.65424e9
2.952 63.65520e9
2.953 63.65592e9
2.954 63.65808e9
2.955 63.65856e9
2.956 63.65952e9
2.957 63.66144e9
2.958 63.66216e9
2.959 63.66384e9
2.960 63.66480e9
2.961 63.66552e9
2.962 63.66720e9
2.963 63.66792e9
2.964 63.66888e9
2.965 63.67056e9
2.966 63.67152e9
2.967 63.67224e9
2.968 63.67392e9
2.969 63.67464e9
2.970 63.67608e9
2.971 63.67680e9
2.972 63.67776e9
2.973 63.67944e9
2.974 63.68040e9
2.975 63.68088e9
2.976 63.68256e9
2.977 63.68328e9
2.978 63.68424e9
2.979 63.68568e9
2.980 63.68664e9
2.981 63.68808e9
2.982 63.68904e9
2.983 63.68976e9
2.984 63.69120e9
2.985 63.69216e9
2.986 63.69288e9
2.987 63.69432e9
2.988 63.69528e9
2.989 63.69600e9
2.990 63.69768e9
2.991 63.69864e9
2.992 63.70008e9
2.993 63.70104e9
2.994 63.70176e9
2.995 63.70320e9
2.996 63.70416e9
2.997 63.70512e9
2.998 63.70656e9
2.999 63.70728e9
3.000 63.70872e9
